©³ªjRþ
$GPGGA,115825.00
$GPGSA,A,3,24,32,06,12,29,02,14,31,,,,,.6,M,48.0,M,,*53
$GPGSV,3,2,09,02,81,038,,29,66,213,15,12,44,087,20,31,38,307,15*7F
$GPRMC,115829,24,09,151,16*4D244,13,06,11,033,14*7F
5.000,A,4915.5334,N,00918.3125,E,
0.86,169.39,180616,,,A*6B
$GPGGA,115826.00
$GPGSA,A,3,24,32,06,12,29,02,14,31,,,,,1.22,0.90,M,,*59
$GPGSV,3,2,09,02,81,038,,29,66,213,15,12,44,087,21,31,38,307,15*7E
$GPRMC,115829,24,09,151,16*4D244,11,06,11,033,13*7D
6.000,A,4915.5328,N,00918.3121,E,
0.91,170.23,180616,,,A*64
$GPGGA,115827.000,4915.5323,N,00918.3119
$GPGSA,A,3,24,32,06,12,29,02,14,31,,,,,1.22,0.90,0.83*0D
$GPGSV,3,2,09,02,37,071,15,14,28,256,17,37,21,31,38,307,17*7B
$GPRMC,115827.000,A,4915.5323,N,0091
8.3119,E,0.98,181.21,180616,,,A*60
$GPGGA,115828.000,4915.5319,N,00918.3116,E,1,7,1.10,201.6,M,48.0
$GPGSV,3,1,09,25,81,038,,29,66,,,,,,,1.42,1.10,0.89*0E
$GPGSV,3,2,09,02,37,071,14,14,28,256,17,32,21,244,14,06,11,033,*7F
$GPRMC,115828.000,A,4915.5319,N,00918.3116,E,1.01,183.74,180616,,,A*6A
$GPGGA,115829.000,4915.5320,N,00918.3111,E,1,7,1.10,201.6,M,48.0,M,,*5B
$GPGSV,3,1,09,25,81,038,,29,66,213,12,142,1.10,0.89*0E
$GPGSV,3,2,09,02,37,071,16,14,28,256,17,32,21,244,14,06,11,033,*7D
$GPRMC,115829.000,A,4915.5320,N,00918.3111,E,1.06,186.44,180616,
,,A*67
$GPGSA,A,3,24,32,12,29,5320,N,00918.3108,E,1,7,1.11,201.6,M,48.0,M,,*5A
$GPGSV,3,1,09,25,81,038,,29,66,213,14,12,44,087,21,31,38,307,17
$GPGSV,3,3,09,24,09,151,15,14,28,256,17,32,21,244,12,06,11,033,*78
$GPRMC,115830.000,A,4915.5320,N,00918.3108,E,1.10,188.13,180616,,,A*6C
$GPGGA,115831.00
$GPGSA,A,3,24,32,12,29,02,14,31,,,,,,1..6,M,48.0,M,,*5F
$GPGSV,3,2,09,25,81,038,,29,66,213,15,12,44,087,21,31,38,307,17*7C
$GPRMC,1,3,09,24,09,151,16*4D32,21,244,15,06,11,033,*7C
15831.000,A,4915.5317,N,00918.3108,E,1.12,185.35,180616,,,A*62
$GPGGA,115832.00
$GPGSA,A,3,24,32,12,29,02,14,31,,,,,,1..6,M,48.0,M,,*5D
$GPGSV,3,2,09,25,81,038,,29,66,213,14,12,44,087,21,31,38,307,17*7D
$GPRMC,115832.00,09,151,16*4D32,21,244,14,06,11,033,*7C
0,A,4915.5316,N,00918.3108,E,1.12,184.13,180616,,,A*65
$GPGGA,115833.000,4915.5320,N,00
$GPGSA,A,3,24,32,12,29,02,14,31,,,,,,1.42,1.10,0.89*0E
$GPGSV,3,2,09,02,37,071,14,,66,213,13,12,44,087,21,31,38,307,17*7A
$GPRMC,115833.000,A,491516*4D11,033,*78
.5320,N,00918.3114,E,0.95,169.27,180616,,,A*66
$GPGGA,115834.000,4915.5334,N,00918.3123
$GPGSV,A,3,24,32,12,29,02,14,31,,,,,,1.42,1.10,0.89*0E
$GPGSV,3,2,09,02,37,071,17,14,28,254,087,21,31,38,307,17*7A
$GPRMC,115834.000,A,4915.5334,N,
00918.3123,E,0.89,146.15,180616,,,A*61
$GPGGA,115835.000,4915.5345,N,00918.3132,E,1,7,1
$GPGSV,3,1,09,22,12,29,02,14,31,,,,,,1.42,1.10,0.89*0E
$GPGSV,3,2,09,02,37,071,15,14,28,256,17,32,07,17*7C
$GPRMC,115835.000,A,4915.5345,N,00918.31
32,E,0.88,124.23,180616,,,A*66
$GPGGA,115836.000,4915.5354,N,00918.3137,E,1,7,1.10,201.7,M,48.0
$GPGSV,3,1,09,25,81,038,,29,66,,,,,,,1.42,1.10,0.89*0E
$GPGSV,3,2,09,02,37,071,16,14,28,256,17,32,21,244,14,06,11,
$GPRMC,115836.000,A,4915.5354,N,00918.3137,E,0.85,120.48
,180616,,,A*64
$GPGGA,115837.000,4915.5356,N,00918.3138,E,1,7,1.10,201.7,M,48.0,M,,*5F
$GPGSV,3,1,09,25,81,038,,29,66,213,13,142,1.10,0.89*0E
$GPGSV,3,2,09,02,37,071,16,14,28,256,17,32,21,244,14,06,11,033,*7D
$GPRMC,115837.000,A,4915.5356,N,00918.3138,E,0.78,121.19,180616,
,,A*6F
